0 0
0 0.96
5e-25 0.96
1e-24 0.99
1.5e-24 0.9
2e-24 0.945
2.5e-24 0.9
3e-24 0.965
3.5e-24 0.97
4e-24 0.985
4.5e-24 0.98
5e-24 0.975
5.5e-24 0.995
6e-24 0.955
6.5e-24 0.955
7e-24 0.965
7.5e-24 0.955
8e-24 0.965
8.5e-24 0.96
9e-24 0.99
9.5e-24 0.995
1e-23 0.97
1.05e-23 0.98
1.1e-23 0.955
1.15e-23 0.99
1.2e-23 0.965
1.25e-23 0.975
1.3e-23 0.96
1.35e-23 0.99
1.4e-23 0.975
1.45e-23 0.98
1.5e-23 0.975
1.55e-23 0.985
1.6e-23 0.97
1.65e-23 0.995
1.7e-23 0.98
1.75e-23 0.985
1.8e-23 0.99
1.85e-23 0.98
1.9e-23 0.99
1.95e-23 1
2e-23 0.955
2.05e-23 0.98
2.1e-23 0.995
2.15e-23 0.99
2.2e-23 0.995
2.25e-23 0.985
2.3e-23 0.99
2.35e-23 0.985
2.4e-23 0.995
2.45e-23 0.98
2.5e-23 0.99
2.55e-23 0.985
2.6e-23 1
2.65e-23 0.985
2.7e-23 0.98
2.75e-23 0.99
2.8e-23 0.995
2.85e-23 0.99
2.9e-23 0.98
2.95e-23 0.985
3e-23 0.99
3.05e-23 0.98
3.1e-23 0.995
3.15e-23 0.965
3.2e-23 0.995
3.25e-23 0.99
3.3e-23 0.98
3.35e-23 0.985
3.4e-23 0.98
3.45e-23 0.98
3.5e-23 0.995
3.55e-23 0.99
3.6e-23 0.99
3.65e-23 0.995
3.7e-23 0.99
3.75e-23 0.985
3.8e-23 0.985
3.85e-23 0.995
3.9e-23 0.995
3.95e-23 0.985
4e-23 1
4.05e-23 0.98
4.1e-23 0.99
4.15e-23 0.995
4.2e-23 0.975
4.25e-23 0.98
4.3e-23 0.995
4.35e-23 0.995
4.4e-23 0.98
4.45e-23 0.975
4.5e-23 0.97
4.55e-23 0.995
4.6e-23 0.98
4.65e-23 0.98
4.7e-23 0.99
4.75e-23 0.975
4.8e-23 0.99
4.85e-23 0.985
4.9e-23 0.99
4.95e-23 0.995
5e-23 0.975
5.05e-23 1
5.1e-23 1
5.15e-23 0.99
5.2e-23 0.99
5.25e-23 0.99
5.3e-23 0.995
5.35e-23 0.995
5.4e-23 0.995
5.45e-23 0.99
5.5e-23 0.985
5.55e-23 0.99
5.6e-23 0.985
5.65e-23 0.99
5.7e-23 0.98
5.75e-23 0.995
5.8e-23 0.98
5.85e-23 0.985
5.9e-23 0.99
5.95e-23 0.98
6e-23 0.985
6.05e-23 1
6.1e-23 1
6.15e-23 0.98
6.2e-23 1
6.25e-23 0.995
6.3e-23 0.995
6.35e-23 0.99
6.4e-23 0.99
6.45e-23 0.99
6.5e-23 0.99
6.55e-23 1
6.6e-23 1
6.65e-23 0.995
6.7e-23 1
6.75e-23 1
6.8e-23 0.99
6.85e-23 1
6.9e-23 1
6.95e-23 0.995
7e-23 0.99
7.05e-23 1
7.1e-23 1
7.15e-23 0.985
7.2e-23 1
7.25e-23 1
7.3e-23 1
7.35e-23 0.985
7.4e-23 0.985
7.45e-23 0.99
7.5e-23 0.995
7.55e-23 1
7.6e-23 1
7.65e-23 0.98
7.7e-23 0.99
7.75e-23 0.99
7.8e-23 1
7.85e-23 1
7.9e-23 0.99
7.95e-23 0.995
8e-23 0.995
8.05e-23 0.995
8.1e-23 0.995
8.15e-23 0.99
8.2e-23 1
8.25e-23 1
8.3e-23 1
8.35e-23 0.995
8.4e-23 1
8.45e-23 1
8.5e-23 0.995
8.55e-23 1
8.6e-23 0.995
8.65e-23 1
8.7e-23 0.99
8.75e-23 0.995
8.8e-23 0.99
8.85e-23 0.99
8.9e-23 0.99
8.95e-23 0.99
9e-23 0.995
9.05e-23 1
9.1e-23 0.98
9.15e-23 1
9.2e-23 0.99
9.25e-23 1
9.3e-23 0.985
9.35e-23 0.99
9.4e-23 1
9.45e-23 1
9.5e-23 0.995
9.55e-23 1
9.6e-23 0.99
9.65e-23 0.99
9.7e-23 1
9.75e-23 1
9.8e-23 1
9.85e-23 1
9.9e-23 0.995
9.95e-23 1
1e-22 1
1e-22 1
9.95e-23 0.995
9.9e-23 1
9.85e-23 0.995
9.8e-23 0.995
9.75e-23 1
9.7e-23 0.995
9.65e-23 1
9.6e-23 1
9.55e-23 1
9.5e-23 1
9.45e-23 1
9.4e-23 1
9.35e-23 1
9.3e-23 0.995
9.25e-23 0.99
9.2e-23 1
9.15e-23 1
9.1e-23 0.995
9.05e-23 1
9e-23 1
8.95e-23 0.99
8.9e-23 1
8.85e-23 1
8.8e-23 0.985
8.75e-23 0.99
8.7e-23 1
8.65e-23 1
8.6e-23 0.995
8.55e-23 0.995
8.5e-23 1
8.45e-23 0.99
8.4e-23 0.99
8.35e-23 1
8.3e-23 0.995
8.25e-23 0.98
8.2e-23 0.995
8.15e-23 0.995
8.1e-23 1
8.05e-23 1
8e-23 0.995
7.95e-23 0.98
7.9e-23 0.99
7.85e-23 0.99
7.8e-23 0.99
7.75e-23 0.99
7.7e-23 0.99
7.65e-23 1
7.6e-23 0.995
7.55e-23 0.99
7.5e-23 1
7.45e-23 1
7.4e-23 0.995
7.35e-23 0.995
7.3e-23 0.995
7.25e-23 0.995
7.2e-23 0.995
7.15e-23 0.99
7.1e-23 0.98
7.05e-23 0.995
7e-23 0.995
6.95e-23 0.995
6.9e-23 0.99
6.85e-23 0.995
6.8e-23 0.985
6.75e-23 0.98
6.7e-23 0.99
6.65e-23 0.995
6.6e-23 1
6.55e-23 0.98
6.5e-23 0.975
6.45e-23 0.99
6.4e-23 0.985
6.35e-23 0.975
6.3e-23 0.985
6.25e-23 0.99
6.2e-23 0.985
6.15e-23 0.98
6.1e-23 0.995
6.05e-23 0.99
6e-23 0.995
5.95e-23 1
5.9e-23 0.995
5.85e-23 1
5.8e-23 0.995
5.75e-23 0.98
5.7e-23 0.995
5.65e-23 0.985
5.6e-23 0.995
5.55e-23 0.98
5.5e-23 1
5.45e-23 0.99
5.4e-23 0.995
5.35e-23 0.995
5.3e-23 0.985
5.25e-23 0.985
5.2e-23 0.98
5.15e-23 1
5.1e-23 0.99
5.05e-23 1
5e-23 0.99
4.95e-23 0.99
4.9e-23 0.995
4.85e-23 1
4.8e-23 0.99
4.75e-23 0.99
4.7e-23 0.995
4.65e-23 0.985
4.6e-23 0.99
4.55e-23 0.99
4.5e-23 0.995
4.45e-23 0.985
4.4e-23 1
4.35e-23 0.98
4.3e-23 0.99
4.25e-23 1
4.2e-23 0.99
4.15e-23 1
4.1e-23 0.985
4.05e-23 0.99
4e-23 0.995
3.95e-23 0.995
3.9e-23 0.975
3.85e-23 0.98
3.8e-23 0.99
3.75e-23 0.99
3.7e-23 0.99
3.65e-23 0.98
3.6e-23 0.985
3.55e-23 1
3.5e-23 0.98
3.45e-23 0.99
3.4e-23 1
3.35e-23 0.995
3.3e-23 0.99
3.25e-23 0.985
3.2e-23 0.975
3.15e-23 0.99
3.1e-23 0.95
3.05e-23 0.98
3e-23 1
2.95e-23 0.985
2.9e-23 1
2.85e-23 0.995
2.8e-23 0.985
2.75e-23 0.98
2.7e-23 0.99
2.65e-23 0.98
2.6e-23 0.975
2.55e-23 0.99
2.5e-23 0.985
2.45e-23 0.99
2.4e-23 0.995
2.35e-23 0.975
2.3e-23 0.98
2.25e-23 0.99
2.2e-23 0.98
2.15e-23 0.975
2.1e-23 0.99
2.05e-23 1
2e-23 0.99
1.95e-23 0.99
1.9e-23 0.975
1.85e-23 0.98
1.8e-23 0.98
1.75e-23 0.95
1.7e-23 0.965
1.65e-23 0.98
1.6e-23 0.965
1.55e-23 0.97
1.5e-23 0.97
1.45e-23 0.98
1.4e-23 0.99
1.35e-23 0.985
1.3e-23 0.965
1.25e-23 0.98
1.2e-23 0.99
1.15e-23 0.97
1.1e-23 0.985
1.05e-23 0.985
1e-23 0.975
9.5e-24 0.97
9e-24 0.95
8.5e-24 0.975
8e-24 0.995
7.5e-24 0.97
7e-24 0.955
6.5e-24 0.92
6e-24 0.97
5.5e-24 0.98
5e-24 0.915
4.5e-24 0.965
4e-24 0.9
3.5e-24 0.99
3e-24 0.955
2.5e-24 0.985
2e-24 0.975
1.5e-24 0.925
1e-24 0.97
5e-25 0.96
-1.17549e-38 0.965
-5e-25 0.92
-1e-24 0.945
-1.5e-24 0.98
-2e-24 0.95
-2.5e-24 0.985
-3e-24 0.97
-3.5e-24 0.975
-4e-24 0.95
-4.5e-24 0.99
-5e-24 0.9
-5.5e-24 0.945
-6e-24 0.985
-6.5e-24 0.97
-7e-24 0.365
-7.5e-24 -0.985
-8e-24 -0.99
-8.5e-24 -0.975
-9e-24 -0.955
-9.5e-24 -0.975
-1e-23 -0.99
-1.05e-23 -0.97
-1.1e-23 -0.955
-1.15e-23 -0.97
-1.2e-23 -0.99
-1.25e-23 -0.98
-1.3e-23 -0.96
-1.35e-23 -0.985
-1.4e-23 -0.985
-1.45e-23 -0.995
-1.5e-23 -0.995
-1.55e-23 -0.995
-1.6e-23 -0.965
-1.65e-23 -0.955
-1.7e-23 -0.965
-1.75e-23 -0.985
-1.8e-23 -0.975
-1.85e-23 -0.995
-1.9e-23 -0.99
-1.95e-23 -0.965
-2e-23 -0.985
-2.05e-23 -0.975
-2.1e-23 -0.99
-2.15e-23 -0.96
-2.2e-23 -0.985
-2.25e-23 -0.97
-2.3e-23 -0.99
-2.35e-23 -0.98
-2.4e-23 -0.96
-2.45e-23 -0.97
-2.5e-23 -0.995
-2.55e-23 -0.99
-2.6e-23 -1
-2.65e-23 -0.995
-2.7e-23 -0.98
-2.75e-23 -0.985
-2.8e-23 -0.99
-2.85e-23 -0.985
-2.9e-23 -0.97
-2.95e-23 -0.99
-3e-23 -0.985
-3.05e-23 -0.975
-3.1e-23 -0.995
-3.15e-23 -0.97
-3.2e-23 -0.995
-3.25e-23 -0.995
-3.3e-23 -0.99
-3.35e-23 -1
-3.4e-23 -0.99
-3.45e-23 -0.99
-3.5e-23 -0.96
-3.55e-23 -1
-3.6e-23 -1
-3.65e-23 -0.995
-3.7e-23 -1
-3.75e-23 -0.99
-3.8e-23 -0.99
-3.85e-23 -0.975
-3.9e-23 -1
-3.95e-23 -1
-4e-23 -0.98
-4.05e-23 -0.995
-4.1e-23 -1
-4.15e-23 -0.99
-4.2e-23 -0.99
-4.25e-23 -1
-4.3e-23 -0.98
-4.35e-23 -0.995
-4.4e-23 -0.985
-4.45e-23 -0.985
-4.5e-23 -0.995
-4.55e-23 -0.985
-4.6e-23 -0.985
-4.65e-23 -0.975
-4.7e-23 -0.98
-4.75e-23 -0.995
-4.8e-23 -0.995
-4.85e-23 -1
-4.9e-23 -0.99
-4.95e-23 -0.975
-5e-23 -0.97
-5.05e-23 -1
-5.1e-23 -0.98
-5.15e-23 -0.99
-5.2e-23 -0.99
-5.25e-23 -0.99
-5.3e-23 -1
-5.35e-23 -0.98
-5.4e-23 -0.975
-5.45e-23 -0.98
-5.5e-23 -0.98
-5.55e-23 -0.99
-5.6e-23 -0.995
-5.65e-23 -0.995
-5.7e-23 -0.97
-5.75e-23 -0.99
-5.8e-23 -0.995
-5.85e-23 -0.985
-5.9e-23 -0.995
-5.95e-23 -0.98
-6e-23 -0.995
-6.05e-23 -0.995
-6.1e-23 -1
-6.15e-23 -0.99
-6.2e-23 -0.99
-6.25e-23 -0.995
-6.3e-23 -0.995
-6.35e-23 -0.995
-6.4e-23 -0.985
-6.45e-23 -0.99
-6.5e-23 -0.985
-6.55e-23 -0.98
-6.6e-23 -0.985
-6.65e-23 -0.97
-6.7e-23 -0.99
-6.75e-23 -0.985
-6.8e-23 -0.99
-6.85e-23 -0.985
-6.9e-23 -1
-6.95e-23 -0.985
-7e-23 -0.985
-7.05e-23 -0.99
-7.1e-23 -1
-7.15e-23 -0.99
-7.2e-23 -0.99
-7.25e-23 -0.985
-7.3e-23 -0.99
-7.35e-23 -0.99
-7.4e-23 -0.995
-7.45e-23 -0.975
-7.5e-23 -0.99
-7.55e-23 -0.995
-7.6e-23 -0.99
-7.65e-23 -0.985
-7.7e-23 -0.985
-7.75e-23 -0.99
-7.8e-23 -0.995
-7.85e-23 -0.995
-7.9e-23 -0.99
-7.95e-23 -1
-8e-23 -0.98
-8.05e-23 -0.995
-8.1e-23 -0.99
-8.15e-23 -0.995
-8.2e-23 -0.995
-8.25e-23 -1
-8.3e-23 -1
-8.35e-23 -0.99
-8.4e-23 -0.995
-8.45e-23 -0.995
-8.5e-23 -1
-8.55e-23 -0.99
-8.6e-23 -0.985
-8.65e-23 -0.98
-8.7e-23 -0.985
-8.75e-23 -0.98
-8.8e-23 -0.995
-8.85e-23 -0.995
-8.9e-23 -1
-8.95e-23 -1
-9e-23 -0.99
-9.05e-23 -0.98
-9.1e-23 -0.995
-9.15e-23 -0.995
-9.2e-23 -0.99
-9.25e-23 -0.995
-9.3e-23 -0.985
-9.35e-23 -0.985
-9.4e-23 -1
-9.45e-23 -1
-9.5e-23 -1
-9.55e-23 -1
-9.6e-23 -0.99
-9.65e-23 -0.995
-9.7e-23 -0.995
-9.75e-23 -1
-9.8e-23 -0.99
-9.85e-23 -1
-9.9e-23 -1
-9.95e-23 -0.99
-1e-22 -0.995
-1e-22 -0.995
-9.95e-23 -0.99
-9.9e-23 -1
-9.85e-23 -0.985
-9.8e-23 -0.995
-9.75e-23 -0.995
-9.7e-23 -1
-9.65e-23 -0.995
-9.6e-23 -0.995
-9.55e-23 -0.99
-9.5e-23 -0.995
-9.45e-23 -0.98
-9.4e-23 -1
-9.35e-23 -0.98
-9.3e-23 -0.99
-9.25e-23 -0.995
-9.2e-23 -1
-9.15e-23 -1
-9.1e-23 -0.995
-9.05e-23 -0.99
-9e-23 -0.98
-8.95e-23 -1
-8.9e-23 -0.995
-8.85e-23 -0.99
-8.8e-23 -0.98
-8.75e-23 -1
-8.7e-23 -0.99
-8.65e-23 -1
-8.6e-23 -0.995
-8.55e-23 -0.985
-8.5e-23 -0.995
-8.45e-23 -0.995
-8.4e-23 -0.995
-8.35e-23 -0.995
-8.3e-23 -1
-8.25e-23 -0.985
-8.2e-23 -0.965
-8.15e-23 -0.995
-8.1e-23 -1
-8.05e-23 -0.995
-8e-23 -0.975
-7.95e-23 -0.995
-7.9e-23 -0.995
-7.85e-23 -0.99
-7.8e-23 -0.995
-7.75e-23 -0.99
-7.7e-23 -0.995
-7.65e-23 -0.99
-7.6e-23 -1
-7.55e-23 -0.985
-7.5e-23 -0.985
-7.45e-23 -0.995
-7.4e-23 -0.98
-7.35e-23 -1
-7.3e-23 -0.995
-7.25e-23 -0.995
-7.2e-23 -1
-7.15e-23 -0.995
-7.1e-23 -0.98
-7.05e-23 -1
-7e-23 -0.985
-6.95e-23 -0.995
-6.9e-23 -1
-6.85e-23 -0.975
-6.8e-23 -1
-6.75e-23 -0.99
-6.7e-23 -0.99
-6.65e-23 -0.995
-6.6e-23 -0.995
-6.55e-23 -0.995
-6.5e-23 -1
-6.45e-23 -0.99
-6.4e-23 -1
-6.35e-23 -0.995
-6.3e-23 -0.985
-6.25e-23 -0.995
-6.2e-23 -0.99
-6.15e-23 -0.99
-6.1e-23 -0.99
-6.05e-23 -0.985
-6e-23 -0.995
-5.95e-23 -0.995
-5.9e-23 -0.985
-5.85e-23 -0.97
-5.8e-23 -0.995
-5.75e-23 -0.975
-5.7e-23 -0.975
-5.65e-23 -1
-5.6e-23 -1
-5.55e-23 -0.99
-5.5e-23 -1
-5.45e-23 -0.975
-5.4e-23 -0.98
-5.35e-23 -0.995
-5.3e-23 -0.99
-5.25e-23 -0.975
-5.2e-23 -0.985
-5.15e-23 -0.995
-5.1e-23 -0.995
-5.05e-23 -1
-5e-23 -0.98
-4.95e-23 -0.975
-4.9e-23 -0.995
-4.85e-23 -0.995
-4.8e-23 -1
-4.75e-23 -1
-4.7e-23 -1
-4.65e-23 -0.99
-4.6e-23 -1
-4.55e-23 -0.995
-4.5e-23 -0.965
-4.45e-23 -0.995
-4.4e-23 -0.975
-4.35e-23 -0.985
-4.3e-23 -0.995
-4.25e-23 -0.975
-4.2e-23 -0.995
-4.15e-23 -0.995
-4.1e-23 -0.99
-4.05e-23 -0.995
-4e-23 -0.98
-3.95e-23 -1
-3.9e-23 -1
-3.85e-23 -0.99
-3.8e-23 -0.99
-3.75e-23 -0.98
-3.7e-23 -0.99
-3.65e-23 -0.955
-3.6e-23 -0.97
-3.55e-23 -0.985
-3.5e-23 -0.98
-3.45e-23 -0.995
-3.4e-23 -0.995
-3.35e-23 -0.965
-3.3e-23 -0.985
-3.25e-23 -0.985
-3.2e-23 -0.99
-3.15e-23 -0.99
-3.1e-23 -1
-3.05e-23 -0.975
-3e-23 -0.985
-2.95e-23 -0.965
-2.9e-23 -0.965
-2.85e-23 -0.955
-2.8e-23 -0.995
-2.75e-23 -0.98
-2.7e-23 -0.985
-2.65e-23 -0.975
-2.6e-23 -0.97
-2.55e-23 -0.975
-2.5e-23 -0.995
-2.45e-23 -0.99
-2.4e-23 -0.975
-2.35e-23 -0.98
-2.3e-23 -0.95
-2.25e-23 -0.995
-2.2e-23 -0.975
-2.15e-23 -0.995
-2.1e-23 -0.965
-2.05e-23 -0.99
-2e-23 -0.95
-1.95e-23 -0.975
-1.9e-23 -0.96
-1.85e-23 -0.99
-1.8e-23 -0.995
-1.75e-23 -0.99
-1.7e-23 -0.98
-1.65e-23 -0.93
-1.6e-23 -0.945
-1.55e-23 -0.98
-1.5e-23 -1
-1.45e-23 -0.97
-1.4e-23 -0.975
-1.35e-23 -0.965
-1.3e-23 -0.975
-1.25e-23 -0.97
-1.2e-23 -0.98
-1.15e-23 -0.985
-1.1e-23 -0.97
-1.05e-23 -0.94
-1e-23 -0.985
-9.5e-24 -0.975
-9e-24 -0.99
-8.5e-24 -0.98
-8e-24 -0.975
-7.5e-24 -0.96
-7e-24 -1
-6.5e-24 -0.965
-6e-24 -0.95
-5.5e-24 -0.975
-5e-24 -0.985
-4.5e-24 -0.975
-4e-24 -0.99
-3.5e-24 -0.99
-3e-24 -0.965
-2.5e-24 -0.92
-2e-24 -0.92
-1.5e-24 -0.985
-1e-24 -0.93
-5e-25 -0.975
1.17549e-38 -0.97
5e-25 -0.975
1e-24 -0.945
1.5e-24 -0.96
2e-24 -0.98
2.5e-24 -0.97
3e-24 -0.995
3.5e-24 -0.98
4e-24 -0.98
4.5e-24 -0.92
5e-24 -0.955
5.5e-24 -0.99
6e-24 -0.875
6.5e-24 -0.94
7e-24 -0.97
7.5e-24 -0.95
8e-24 -0.83
8.5e-24 -0.955
9e-24 0.4
9.5e-24 0.97
1e-23 0.995
1.05e-23 0.975
1.1e-23 0.985
1.15e-23 0.995
1.2e-23 0.985
1.25e-23 0.985
1.3e-23 0.97
1.35e-23 0.975
1.4e-23 0.975
1.45e-23 0.995
1.5e-23 0.985
1.55e-23 0.95
1.6e-23 0.975
1.65e-23 0.995
1.7e-23 0.955
1.75e-23 0.99
1.8e-23 0.985
1.85e-23 0.995
1.9e-23 0.975
1.95e-23 0.995
2e-23 0.98
2.05e-23 0.995
2.1e-23 0.975
2.15e-23 0.985
2.2e-23 0.97
2.25e-23 0.975
2.3e-23 0.975
2.35e-23 0.98
2.4e-23 0.965
2.45e-23 0.985
2.5e-23 0.99
2.55e-23 0.97
2.6e-23 0.975
2.65e-23 1
2.7e-23 0.99
2.75e-23 0.98
2.8e-23 0.99
2.85e-23 0.99
2.9e-23 0.995
2.95e-23 0.985
3e-23 0.975
3.05e-23 0.985
3.1e-23 1
3.15e-23 0.99
3.2e-23 0.985
3.25e-23 0.98
3.3e-23 0.99
3.35e-23 0.995
3.4e-23 0.965
3.45e-23 0.995
3.5e-23 0.98
3.55e-23 0.98
3.6e-23 0.995
3.65e-23 0.995
3.7e-23 0.99
3.75e-23 0.985
3.8e-23 0.975
3.85e-23 0.985
3.9e-23 0.985
3.95e-23 0.965
4e-23 0.99
4.05e-23 0.99
4.1e-23 0.99
4.15e-23 1
4.2e-23 0.985
4.25e-23 0.98
4.3e-23 0.98
4.35e-23 0.995
4.4e-23 0.99
4.45e-23 0.99
4.5e-23 0.975
4.55e-23 0.99
4.6e-23 0.995
4.65e-23 0.985
4.7e-23 0.98
4.75e-23 0.985
4.8e-23 0.995
4.85e-23 0.985
4.9e-23 0.995
4.95e-23 1
5e-23 1
5.05e-23 0.98
5.1e-23 0.985
5.15e-23 0.975
5.2e-23 0.99
5.25e-23 0.995
5.3e-23 0.99
5.35e-23 1
5.4e-23 0.995
5.45e-23 0.99
5.5e-23 0.98
5.55e-23 0.985
5.6e-23 0.99
5.65e-23 0.99
5.7e-23 0.995
5.75e-23 1
5.8e-23 0.995
5.85e-23 0.975
5.9e-23 0.995
5.95e-23 1
6e-23 0.99
6.05e-23 0.995
6.1e-23 0.995
6.15e-23 0.99
6.2e-23 0.995
6.25e-23 1
6.3e-23 0.995
6.35e-23 0.985
6.4e-23 1
6.45e-23 0.98
6.5e-23 1
6.55e-23 0.99
6.6e-23 0.985
6.65e-23 0.99
6.7e-23 0.985
6.75e-23 0.99
6.8e-23 1
6.85e-23 0.995
6.9e-23 0.995
6.95e-23 0.99
7e-23 0.965
7.05e-23 0.995
7.1e-23 1
7.15e-23 0.995
7.2e-23 0.995
7.25e-23 0.995
7.3e-23 0.995
7.35e-23 0.99
7.4e-23 0.99
7.45e-23 1
7.5e-23 0.99
7.55e-23 0.995
7.6e-23 0.985
7.65e-23 0.99
7.7e-23 1
7.75e-23 0.985
7.8e-23 0.995
7.85e-23 0.985
7.9e-23 0.995
7.95e-23 0.995
8e-23 1
8.05e-23 1
8.1e-23 1
8.15e-23 0.995
8.2e-23 1
8.25e-23 0.985
8.3e-23 0.975
8.35e-23 0.99
8.4e-23 0.995
8.45e-23 0.99
8.5e-23 0.985
8.55e-23 0.995
8.6e-23 0.98
8.65e-23 1
8.7e-23 0.99
8.75e-23 0.995
8.8e-23 0.99
8.85e-23 1
8.9e-23 1
8.95e-23 1
9e-23 0.995
9.05e-23 1
9.1e-23 0.99
9.15e-23 1
9.2e-23 0.99
9.25e-23 1
9.3e-23 0.99
9.35e-23 0.99
9.4e-23 0.995
9.45e-23 0.99
9.5e-23 1
9.55e-23 0.975
9.6e-23 1
9.65e-23 0.995
9.7e-23 1
9.75e-23 0.995
9.8e-23 1
9.85e-23 1
9.9e-23 1
9.95e-23 0.995
1e-22 0.99
