0 1
0.05 1
0.1 1
0.15 1
0.2 1
0.25 1
0.3 1
0.35 1
0.4 1
0.45 1
0.5 1
0.55 1
0.6 1
0.65 1
0.7 1
0.75 1
0.8 1
0.85 1
0.9 1
0.95 1
1 1
1.05 1
1.1 1
1.15 1
1.2 1
1.25 1
1.3 1
1.35 1
1.4 1
1.45 1
1.5 1
1.55 1
1.6 1
1.65 1
1.7 1
1.75 1
1.8 1
1.85 1
1.9 1
1.95 1
2 1
2.05 1
2.1 1
2.15 1
2.2 1
2.25 1
2.3 1
2.35 1
2.4 1
2.45 1
2.5 1
2.55 1
2.6 1
2.65 1
2.7 1
2.75 1
2.8 1
2.85 1
2.9 1
2.95 1
3 1
3.05 1
3.1 1
3.15 1
3.2 1
3.25 1
3.3 1
3.35 1
3.4 1
3.45 1
3.5 1
3.55 1
3.6 1
3.65 1
3.7 1
3.75 1
3.8 1
3.85 1
3.9 1
3.95 1
4 1
4.05 1
4.1 1
4.15 1
4.2 1
4.25 1
4.3 1
4.35 1
4.4 1
4.45 1
4.5 1
4.55 1
4.6 1
4.65 1
4.7 1
4.75 1
4.8 1
4.85 1
4.9 1
4.95 1
5 1
5.05 1
5.1 1
5.15 1
5.2 1
5.25 1
5.3 1
5.35 1
5.4 1
5.45 1
5.5 1
5.55 1
5.6 1
5.65 1
5.7 1
5.75 1
5.8 1
5.85 1
5.9 1
5.95 1
6 1
6.05 1
6.1 1
6.15 1
6.2 1
6.25 1
6.3 1
6.35 1
6.4 1
6.45 0.995
6.5 0.995
6.55 1
6.6 1
6.65 1
6.7 1
6.75 1
6.8 1
6.85 1
6.9 1
6.95 1
7 1
7.05 1
7.1 1
7.15 1
7.2 1
7.25 0.99
7.3 1
7.35 0.995
7.4 1
7.45 0.995
7.5 1
7.55 1
7.6 1
7.65 1
7.7 1
7.75 0.995
7.8 0.995
7.85 0.99
7.9 1
7.95 1
8 1
8.05 0.995
8.1 1
8.15 1
8.2 0.995
8.25 1
8.3 0.985
8.35 1
8.4 0.995
8.45 0.975
8.5 1
8.55 0.975
8.6 1
8.65 0.995
8.7 0.995
8.75 0.96
8.8 0.99
8.85 0.995
8.9 0.995
8.95 0.995
9 0.99
9.05 0.985
9.1 1
9.15 0.99
9.2 0.995
9.25 0.985
9.3 1
9.35 0.995
9.4 0.995
9.45 0.98
9.5 0.995
9.55 0.96
9.6 0.98
9.65 1
9.7 0.99
9.75 1
9.8 0.99
9.85 0.99
9.9 0.99
9.95 0.99
10 0.995
10.05 0.995
10.1 0.99
10.15 0.98
10.2 0.985
10.25 0.97
10.3 0.96
10.35 0.965
10.4 0.985
10.45 0.96
10.5 0.955
10.55 0.995
10.6 0.985
10.65 0.975
10.7 0.99
10.75 0.97
10.8 0.98
10.85 0.965
10.9 0.97
10.95 0.935
11 0.915
11.05 0.98
11.1 0.965
11.15 0.99
11.2 0.935
11.25 0.965
11.3 0.975
11.35 0.965
11.4 0.91
11.45 0.95
11.5 0.965
11.55 0.955
11.6 0.93
11.65 0.98
11.7 0.955
11.75 0.905
11.8 0.98
11.85 0.965
11.9 0.955
11.95 0.97
12 0.965
12.05 0.97
12.1 0.99
12.15 0.945
12.2 0.95
12.25 0.97
12.3 0.89
12.35 0.875
12.4 0.955
12.45 0.93
12.5 0.9
12.55 0.97
12.6 0.9
12.65 0.87
12.7 0.925
12.75 0.9
12.8 0.895
12.85 0.915
12.9 0.94
12.95 0.935
13 0.935
13.05 0.88
13.1 0.87
13.15 0.95
13.2 0.855
13.25 0.935
13.3 0.705
13.35 0.91
13.4 0.895
13.45 0.905
13.5 0.92
13.55 0.89
13.6 0.805
13.65 0.92
13.7 0.83
13.75 0.8
13.8 0.9
13.85 0.82
13.9 0.865
13.95 0.855
14 0.965
14.05 0.89
14.1 0.82
14.15 0.91
14.2 0.825
14.25 0.77
14.3 0.855
14.35 0.825
14.4 0.875
14.45 0.87
14.5 0.925
14.55 0.86
14.6 0.74
14.65 0.8
14.7 0.715
14.75 0.77
14.8 0.775
14.85 0.875
14.9 0.895
14.95 0.83
15 0.81
15.05 0.82
15.1 0.68
15.15 0.775
15.2 0.89
15.25 0.69
15.3 0.775
15.35 0.475
15.4 0.66
15.45 0.565
15.5 0.73
15.55 0.745
15.6 0.7
15.65 0.38
15.7 0.195
15.75 0.475
15.8 0.83
15.85 -0.525
15.9 0.635
15.95 0.525
16 0.63
16.05 0.195
16.1 0.65
16.15 0.725
16.2 0.62
16.25 0.34
16.3 -0.58
16.35 0.54
16.4 0.755
16.45 0.565
16.5 0.29
16.55 0.78
16.6 0.575
16.65 -0.115
16.7 0.15
16.75 -0.14
16.8 0.835
16.85 -0.695
16.9 0.015
16.95 0.035
17 0.405
17.05 -0.155
17.1 0.345
17.15 0.635
17.2 0.355
17.25 0.405
17.3 0.36
17.35 0.325
17.4 0.11
17.45 -0.72
17.5 0.285
17.55 -0.435
17.6 0.25
17.65 -0.165
17.7 -0.02
17.75 0.37
17.8 -0.025
17.85 0.14
17.9 -0.21
17.95 -0.005
18 -0.245
18.05 0.12
18.1 0.385
18.15 -0.25
18.2 0.155
18.25 -0.325
18.3 -0.46
18.35 0.13
18.4 0.09
18.45 -0.14
18.5 0.32
18.55 -0.11
18.6 -0.23
18.65 0.18
18.7 -0.19
18.75 -0.225
18.8 -0.09
18.85 0.33
18.9 0.065
18.95 0.275
19 -0.17
19.05 0.085
19.1 0.045
19.15 0.12
19.2 0.175
19.25 0.34
19.3 -0.285
19.35 0.075
19.4 0.03
19.45 0.105
19.5 -0.08
19.55 -0.31
19.6 0.035
19.65 -0.115
19.7 0.16
19.75 -0.135
19.8 0.195
19.85 0.055
19.9 0.12
19.95 0.42
20 0.195
20.05 0.21
20.1 -0.16
20.15 0.255
20.2 0.025
20.25 0.115
20.3 0.12
20.35 -0.08
20.4 -0.165
20.45 0.285
20.5 -0.285
20.55 0.21
20.6 -0.075
20.65 0.12
20.7 0.055
20.75 0.275
20.8 -0.04
20.85 -0.195
20.9 0.415
20.95 -0.23
21 0.37
21.05 0.195
21.1 0.2
21.15 0.01
21.2 0.06
21.25 0.055
21.3 -0.36
21.35 0.13
21.4 0.025
21.45 0.11
21.5 -0.14
21.55 -0.075
21.6 0.395
21.65 0
21.7 0.28
21.75 0.135
21.8 0.13
21.85 0.1
21.9 -0.13
21.95 0.185
22 0.07
22.05 -0.07
22.1 0.15
22.15 -0.08
22.2 0.03
22.25 -0.035
22.3 -0.06
22.35 -0.155
22.4 0.23
22.45 0.205
22.5 -0.185
22.55 0.165
22.6 0.17
22.65 0.15
22.7 0.005
22.75 -0.1
22.8 0.02
22.85 -0.01
22.9 -0.06
22.95 -0.07
23 -0.095
23.05 -0.005
23.1 -0.05
23.15 -0.105
23.2 -0.01
23.25 0
23.3 0.265
23.35 0.055
23.4 -0.02
23.45 -0.15
23.5 0.275
23.55 0.06
23.6 0.025
23.65 -0.16
23.7 -0.02
23.75 -0.09
23.8 -0.035
23.85 0.005
23.9 -0.01
23.95 -0.235
24 -0.03
24.05 0.105
24.1 0.12
24.15 -0.055
24.2 0.03
24.25 -0.015
24.3 0.015
24.35 0.195
24.4 0.145
24.45 0.13
24.5 0
24.55 0.025
24.6 -0.055
24.65 0.09
24.7 0.045
24.75 -0.185
24.8 -0.06
24.85 -0.19
24.9 0.14
24.95 0.155
25 -0.1
25.05 -0.085
25.1 0.035
25.15 -0.01
25.2 -0.065
25.25 -0.055
25.3 -0.005
25.35 0.02
25.4 0.055
25.45 -0.13
25.5 0.21
25.55 -0.075
25.6 -0.1
25.65 0.1
25.7 0.055
25.75 -0.105
25.8 0.06
25.85 -0.215
25.9 -0.04
25.95 0.085
26 -0.095
26.05 -0.12
26.1 -0.17
26.15 0.065
26.2 0.02
26.25 -0.025
26.3 -0.03
26.35 0.135
26.4 0.095
26.45 0.055
26.5 0.25
26.55 0.145
26.6 0.1
26.65 -0.03
26.7 0.13
26.75 0.19
26.8 0.15
26.85 -0.015
26.9 -0.01
26.95 0.17
27 0.06
27.05 0.25
27.1 0.1
27.15 0.115
27.2 -0.105
27.25 0.025
27.3 -0.055
27.35 -0.025
27.4 0.135
27.45 0
27.5 -0.01
27.55 0.09
27.6 -0.07
27.65 -0.075
27.7 -0.13
27.75 0.06
27.8 0.04
27.85 -0.015
27.9 0.02
27.95 -0.02
28 0.105
28.05 0.09
28.1 -0.015
28.15 -0.175
28.2 0.085
28.25 0.01
28.3 0.095
28.35 -0.015
28.4 0.115
28.45 -0.01
28.5 -0.14
28.55 0.245
28.6 0.105
28.65 -0.07
28.7 0.01
28.75 -0.02
28.8 -0.16
28.85 -0.035
28.9 0.005
28.95 0.02
29 -0.015
29.05 -0.07
29.1 0.12
29.15 0.15
29.2 0.145
29.25 0.11
29.3 -0.005
29.35 -0.1
29.4 0
29.45 0.065
29.5 0
29.55 0
29.6 0.215
29.65 0.145
29.7 -0.025
29.75 0.13
29.8 0.04
29.85 0.02
29.9 0.115
29.95 0.02
30 0.025
30.05 0.085
30.1 -0.09
30.15 0.02
30.2 0.1
30.25 0.05
30.3 -0.045
30.35 0.095
30.4 0.045
30.45 -0.055
30.5 -0.005
30.55 -0.04
30.6 -0.03
30.65 0.18
30.7 0.19
30.75 0.04
30.8 0.02
30.85 0.125
30.9 -0.005
30.95 -0.05
31 -0.045
31.05 -0.125
31.1 0.12
31.15 -0.035
31.2 -0.14
31.25 0.075
31.3 -0.01
31.35 0.165
31.4 -0.015
31.45 0.175
31.5 -0.035
31.55 0.015
31.6 0.035
31.65 0.025
31.7 -0.11
31.75 0.13
31.8 0.025
31.85 0.02
31.9 -0.065
31.95 -0.065
32 -0.065
32.05 0.05
32.1 0.045
32.15 0.105
32.2 0.065
32.25 -0.04
32.3 -0.16
32.35 0.26
32.4 0.1
32.45 -0.025
32.5 0.08
32.55 -0.01
32.6 0.095
32.65 -0.03
32.7 -0.065
32.75 0.135
32.8 0.205
32.85 0.07
32.9 -0.235
32.95 -0.04
33 -0.015
33.05 -0.015
33.1 0.03
33.15 0.005
33.2 -0.18
33.25 -0.08
33.3 0.065
33.35 -0.07
33.4 0.02
33.45 0.15
33.5 -0.06
33.55 0.04
33.6 -0.2
33.65 -0.02
33.7 0.08
33.75 -0.04
33.8 0
33.85 -0.02
33.9 -0.115
33.95 -0.105
34 -0.1
34.05 -0.045
34.1 -0.08
34.15 0.115
34.2 0.13
34.25 -0.005
34.3 -0.135
34.35 0.16
34.4 0.21
34.45 0.01
34.5 0.085
34.55 0.075
34.6 -0.005
34.65 -0.055
34.7 0.13
34.75 -0.065
34.8 -0.075
34.85 0.05
34.9 -0.19
34.95 -0.01
35 0.005
35.05 0.07
35.1 0.06
35.15 0.01
35.2 0.095
35.25 -0.065
35.3 0.015
35.35 0.125
35.4 -0.24
35.45 0.03
35.5 0
35.55 0.005
35.6 -0.025
35.65 -0.125
35.7 -0.025
35.75 0.005
35.8 0
35.85 -0.085
35.9 -0.045
35.95 0.11
36 0.025
36.05 0.135
36.1 0.075
36.15 -0.02
36.2 -0.14
36.25 0.125
36.3 -0.115
36.35 -0.015
36.4 0
36.45 0.01
36.5 -0.005
36.55 0.035
36.6 0.035
36.65 -0.075
36.7 0.01
36.75 -0.1
36.8 -0.08
36.85 0
36.9 -0.12
36.95 0.11
37 -0.035
37.05 0.085
37.1 -0.135
37.15 -0.005
37.2 0.165
37.25 0.08
37.3 0.035
37.35 0.09
37.4 -0.14
37.45 0.17
37.5 0.025
37.55 0.12
37.6 -0.125
37.65 0.14
37.7 -0.02
37.75 0.02
37.8 0.125
37.85 -0.14
37.9 0.145
37.95 -0.06
38 -0.07
38.05 -0.035
38.1 0.105
38.15 0.045
38.2 -0.015
38.25 -0.065
38.3 -0.03
38.35 -0.04
38.4 -0.04
38.45 0.01
38.5 -0.01
38.55 0.14
38.6 0.115
38.65 0.01
38.7 0.07
38.75 -0.06
38.8 -0.065
38.85 0.05
38.9 -0.055
38.95 0.055
39 -0.005
39.05 0.015
39.1 0.01
39.15 -0.005
39.2 -0.02
39.25 -0.08
39.3 -0.105
39.35 0.03
39.4 -0.14
39.45 -0.03
39.5 -0.145
39.55 0.005
39.6 -0.02
39.65 0.065
39.7 0
39.75 0.06
39.8 0.035
39.85 -0.08
39.9 0.035
39.95 -0.065
40 0.095
40.05 0.025
40.1 -0.06
40.15 0.025
40.2 0.02
40.25 -0.04
40.3 0.13
40.35 0.06
40.4 -0.015
40.45 0.02
40.5 -0.035
40.55 -0.035
40.6 -0.055
40.65 0.045
40.7 0.12
40.75 0.005
40.8 0.065
40.85 0.06
40.9 0.105
40.95 0.225
41 -0.075
41.05 0.025
41.1 0.005
41.15 -0.01
41.2 -0.07
41.25 -0.06
41.3 0.07
41.35 0.075
41.4 -0.07
41.45 -0.02
41.5 -0.005
41.55 -0.065
41.6 0.065
41.65 -0.07
41.7 -0.16
41.75 0.055
41.8 -0.03
41.85 -0.12
41.9 -0.07
41.95 -0.03
42 -0.015
42.05 -0.035
42.1 -0.075
42.15 0.11
42.2 -0.055
42.25 0.03
42.3 -0.015
42.35 -0.05
42.4 0.06
42.45 0.02
42.5 -0.06
42.55 -0.11
42.6 -0.09
42.65 0.065
42.7 0.03
42.75 0.045
42.8 -0.085
42.85 -0.04
42.9 0.085
42.95 0.005
43 -0.03
43.05 0.1
43.1 -0.055
43.15 0.04
43.2 -0.09
43.25 -0.085
43.3 -0.035
43.35 0.08
43.4 0.065
43.45 0.035
43.5 0.125
43.55 -0.05
43.6 0.04
43.65 0.005
43.7 -0.005
43.75 -0.105
43.8 -0.07
43.85 0.095
43.9 -0.04
43.95 -0.115
44 0.15
44.05 -0.01
44.1 0.02
44.15 -0.095
44.2 0.07
44.25 -0.05
44.3 0.065
44.35 0.05
44.4 -0.015
44.45 0.05
44.5 0.03
44.55 0.035
44.6 0.01
44.65 0.105
44.7 -0.11
44.75 0.015
44.8 0.06
44.85 0.01
44.9 0.13
44.95 -0.085
45 -0.035
45.05 0.09
45.1 0.03
45.15 0.065
45.2 -0.145
45.25 0.015
45.3 -0.04
45.35 0.06
45.4 -0.085
45.45 0.02
45.5 0
45.55 -0.045
45.6 0.01
45.65 0.105
45.7 0.01
45.75 -0.075
45.8 0.035
45.85 0.025
45.9 0.04
45.95 -0.065
46 0.115
46.05 0.095
46.1 0.055
46.15 0.02
46.2 -0.055
46.25 -0.005
46.3 0.05
46.35 0.025
46.4 0.04
46.45 -0.08
46.5 0.055
46.55 0.045
46.6 -0.1
46.65 -0.095
46.7 0.11
46.75 0.17
46.8 -0.045
46.85 -0.015
46.9 0.055
46.95 -0.015
47 0.03
47.05 -0.02
47.1 -0.08
47.15 0.07
47.2 0.105
47.25 -0.03
47.3 0.125
47.35 0.01
47.4 -0.12
47.45 0.05
47.5 0.115
47.55 0.12
47.6 0.05
47.65 0.07
47.7 0.02
47.75 0.06
47.8 0.045
47.85 -0.075
47.9 -0.045
47.95 0.035
48 -0.125
48.05 -0.08
48.1 -0.13
48.15 0.07
48.2 -0.03
48.25 0.055
48.3 0.005
48.35 0.005
48.4 0.05
48.45 0.11
48.5 -0.03
48.55 0.065
48.6 0.035
48.65 0.19
48.7 0.07
48.75 -0.025
48.8 -0.005
48.85 0.025
48.9 0.195
48.95 -0.075
49 -0.05
49.05 0.04
49.1 -0.155
49.15 0.055
49.2 0.195
49.25 -0.005
49.3 0.05
49.35 -0.07
49.4 0.065
49.45 -0.05
49.5 0.1
49.55 -0.075
49.6 -0.05
49.65 0.11
49.7 -0.14
49.75 -0.105
49.8 0.065
49.85 -0.005
49.9 -0.08
49.95 -0.03
